noise tol decay fadeAfter | er h500: spikes sum end | linear h500: spikes sum end | er h50 spikes sum
('0', '0', '0.5', 2) 261 1.00 0.00 | 1501 0.97 0.00 | 127 1.00
('0', '0', '0.5', 5) 446 1.00 0.00 | 1702 0.99 0.00 | 311 1.00
('0', '0', '0.5', 100) 6144 1.00 0.00 | 8066 0.99 0.00 | 2807 1.00
('0', '0', '0.9', 2) 321 1.00 0.00 | 9318 0.99 0.99 | 186 1.00
('0', '0', '0.9', 5) 446 1.00 0.00 | 9519 0.99 0.99 | 311 1.00
('0', '0', '0.9', 100) 6144 1.00 0.00 | 15884 0.99 0.99 | 2807 1.00
('0', '0', '0.99', 2) 10596 1.00 0.32 | 33500 0.99 0.99 | 2247 1.00
('0', '0', '0.99', 5) 10722 1.00 0.37 | 33500 0.99 0.99 | 2261 1.00
('0', '0', '0.99', 100) 16230 1.00 0.43 | 33500 0.99 0.99 | 2807 1.00
('0', '0.01', '0.5', 2) 257 0.97 0.07 | 1510 0.85 0.00 | 122 0.97
('0', '0.01', '0.5', 5) 444 1.00 0.00 | 1694 0.90 0.00 | 310 1.00
('0', '0.01', '0.5', 100) 6111 1.00 0.00 | 8035 0.90 0.00 | 2806 1.00
('0', '0.01', '0.9', 2) 322 1.00 0.00 | 9281 0.92 0.92 | 187 1.00
('0', '0.01', '0.9', 5) 444 1.00 0.00 | 9474 0.91 0.91 | 310 1.00
('0', '0.01', '0.9', 100) 6111 1.00 0.00 | 15818 0.90 0.90 | 2806 1.00
('0', '0.01', '0.99', 2) 10557 1.00 0.39 | 33500 0.90 0.90 | 2250 1.00
('0', '0.01', '0.99', 5) 10656 1.00 0.36 | 33500 0.90 0.90 | 2260 1.00
('0', '0.01', '0.99', 100) 16133 1.00 0.43 | 33500 0.90 0.90 | 2807 1.00
('0.001', '0', '0.5', 2) 27677 1.00 1.00 | 33322 0.85 0.85 | 2606 1.00
('0.001', '0', '0.5', 5) 27703 1.00 1.00 | 33346 0.84 0.84 | 2609 1.00
('0.001', '0', '0.5', 100) 27725 1.00 1.00 | 33382 0.83 0.83 | 2618 1.00
('0.001', '0', '0.9', 2) 27680 1.00 1.00 | 33379 0.84 0.84 | 2604 1.00
('0.001', '0', '0.9', 5) 27703 1.00 1.00 | 33386 0.83 0.83 | 2609 1.00
('0.001', '0', '0.9', 100) 27725 1.00 1.00 | 33419 0.84 0.83 | 2618 1.00
('0.001', '0', '0.99', 2) 27770 1.00 1.00 | 33500 0.84 0.82 | 2618 1.00
('0.001', '0', '0.99', 5) 27766 1.00 1.00 | 33500 0.83 0.83 | 2617 1.00
('0.001', '0', '0.99', 100) 27807 1.00 1.00 | 33500 0.86 0.83 | 2618 1.00
('0.001', '0.01', '0.5', 2) 585 0.72 0.15 | 4865 0.28 0.26 | 151 0.95
('0.001', '0.01', '0.5', 5) 1175 0.92 0.21 | 5602 0.31 0.28 | 377 1.00
('0.001', '0.01', '0.5', 100) 7580 1.00 0.27 | 11971 0.57 0.27 | 2618 1.00
('0.001', '0.01', '0.9', 2) 717 0.97 0.13 | 13222 0.29 0.23 | 224 1.00
('0.001', '0.01', '0.9', 5) 1182 0.91 0.21 | 13414 0.33 0.28 | 378 1.00
('0.001', '0.01', '0.9', 100) 7587 1.00 0.27 | 18933 0.59 0.26 | 2618 1.00
('0.001', '0.01', '0.99', 2) 12037 1.00 0.25 | 33500 0.59 0.25 | 2289 1.00
('0.001', '0.01', '0.99', 5) 12244 1.00 0.25 | 33500 0.60 0.27 | 2303 1.00
('0.001', '0.01', '0.99', 100) 17437 1.00 0.28 | 33500 0.78 0.27 | 2618 1.00
