recurrent below amp rate | rest after act101-1000 act>1000 spont/1000 period selfticks switches outmass
('false', 1e-10, 0.01, 0.0) 1 1 0.00444 0.005 313 41.5 0.0966 0.1 9.68e-05
('false', 1e-10, 0.01, 0.01) 1 1 0.0114 0.0113 758 2.89 0.533 0.707 0.000315
('false', 1e-10, 0.01, 0.05) 1 1 0.0503 0.05 3.36e+03 2.03 0.967 0.765 0.000965
('false', 1e-10, 0.1, 0.0) 1 1 0.00444 0.005 31.3 48.2 0.0966 0.1 0.000968
('false', 1e-10, 0.1, 0.01) 1 1 0.0113 0.0113 75.7 15 0.536 0.712 0.00315
('false', 1e-10, 0.1, 0.05) 1 1 0.0502 0.0501 334 4.58 0.969 0.762 0.00961
('false', 1e-10, 0.5, 0.0) 1 1 0.00444 0.005 6 156 0.0966 0.1 0.00484
('false', 1e-10, 0.5, 0.01) 1 1 0.0113 0.0113 16.3 62.4 0.534 0.708 0.0158
('false', 1e-10, 0.5, 0.05) 1 1 0.0502 0.0501 66 16.7 0.969 0.762 0.0476
('false', 1e-10, 1.0, 0.0) 1 1 0.00444 0.005 3.17 283 0.103 0.101 0.00973
('false', 1e-10, 1.0, 0.01) 1 1 0.0113 0.0113 7 129 0.534 0.711 0.031
('false', 1e-10, 1.0, 0.05) 1 1 0.0503 0.05 32.5 32.3 0.969 0.76 0.0937
('false', 0.001, 0.01, 0.0) 1 1 0.0178 0.0175 1.16e+03 8.6 0.352 0.362 0.000332
('false', 0.001, 0.01, 0.01) 1 1 0.0229 0.023 1.52e+03 2.29 0.785 0.796 0.000558
('false', 0.001, 0.01, 0.05) 1 1 0.0531 0.0528 3.55e+03 2.02 0.973 0.762 0.000998
('false', 0.001, 0.1, 0.0) 1 1 0.0178 0.0175 114 14 0.352 0.362 0.00332
('false', 0.001, 0.1, 0.01) 1 1 0.0229 0.023 152 8.22 0.785 0.803 0.00564
('false', 0.001, 0.1, 0.05) 1 1 0.053 0.0529 352 4.37 0.974 0.765 0.00997
('false', 0.001, 0.5, 0.0) 1 1 0.0178 0.0175 22.3 46.5 0.352 0.362 0.0166
('false', 0.001, 0.5, 0.01) 1 1 0.0229 0.023 30 34.7 0.784 0.796 0.0279
('false', 0.001, 0.5, 0.05) 1 1 0.053 0.0529 69 16.1 0.973 0.755 0.0492
('false', 0.001, 1.0, 0.0) 1 1 0.0177 0.0174 11.7 86.1 0.408 0.413 0.0366
('false', 0.001, 1.0, 0.01) 1 1 0.0227 0.0229 15.3 63.4 0.787 0.797 0.0556
('false', 0.001, 1.0, 0.05) 1 1 0.0529 0.0527 34.7 30.2 0.976 0.757 0.0964
('false', 0.05, 0.01, 0.0) 1 1 0.05 0.05 3.32e+03 2.02 0.9 0.792 0.000931
('false', 0.05, 0.01, 0.01) 1 1 0.0549 0.0549 3.65e+03 2.1 0.976 0.756 0.00103
('false', 0.05, 0.01, 0.05) 1 1 0.0783 0.078 5.21e+03 2 0.996 0.746 0.00126
('false', 0.05, 0.1, 0.0) 1 1 0.05 0.05 332 4.76 0.9 0.792 0.00931
('false', 0.05, 0.1, 0.01) 1 1 0.0549 0.0549 363 4.27 0.978 0.759 0.0104
('false', 0.05, 0.1, 0.05) 1 1 0.0783 0.078 515 3.46 0.995 0.753 0.0126
('false', 0.05, 0.5, 0.0) 1 1 0.05 0.05 66 16.8 0.9 0.792 0.0466
('false', 0.05, 0.5, 0.01) 1 1 0.055 0.0549 74.8 14.8 0.977 0.759 0.0521
('false', 0.05, 0.5, 0.05) 1 1 0.0782 0.078 101 11.2 0.996 0.748 0.0628
('false', 0.05, 1.0, 0.0) 1 1 0.0491 0.049 33.8 31 0.961 0.762 0.0972
('false', 0.05, 1.0, 0.01) 1 1 0.0537 0.0538 36.3 28.1 0.975 0.757 0.102
('false', 0.05, 1.0, 0.05) 1 1 0.0767 0.0763 51.3 21.1 0.995 0.75 0.122
('true', 1e-10, 0.01, 0.0) 1 1 0.00444 0.00499 312 99.8 0.0241 0.0272 6.24e-06
('true', 1e-10, 0.01, 0.01) 1 1 0.0213 0.0212 1.41e+03 3.01 0.638 0.697 0.000152
('true', 1e-10, 0.01, 0.05) 1 1 0.0534 0.0534 3.57e+03 2.03 0.974 0.755 0.000445
('true', 1e-10, 0.1, 0.0) 1 1 0.00444 0.005 225 101 0.0241 0.0272 6.24e-05
('true', 1e-10, 0.1, 0.01) 1 1 0.0296 0.0293 488 5.07 0.678 0.688 0.00159
('true', 1e-10, 0.1, 0.05) 1 1 0.0614 0.0618 365 4.31 0.981 0.75 0.00448
('true', 1e-10, 0.5, 0.0) 1 1 0.00444 0.005 76.2 101 0.0241 0.0272 0.000312
('true', 1e-10, 0.5, 0.01) 1 1 0.0445 0.0441 39.3 34.6 0.719 0.688 0.00843
('true', 1e-10, 0.5, 0.05) 1 1 0.0876 0.0877 61.8 17.5 0.991 0.729 0.0242
('true', 1e-10, 1.0, 0.0) 1 1 0.00483 0.0054 31.8 136 0.0252 0.0302 0.00128
('true', 1e-10, 1.0, 0.01) 1 1 0.0585 0.0581 13 87.3 0.747 0.685 0.0185
('true', 1e-10, 1.0, 0.05) 1 1 0.123 0.122 30.7 33.9 0.994 0.727 0.05
('true', 0.001, 0.01, 0.0) 1 1 0.0178 0.0175 1.16e+03 26.9 0.132 0.139 7.03e-05
('true', 0.001, 0.01, 0.01) 1 1 0.0233 0.0233 1.55e+03 2.44 0.764 0.775 0.000232
('true', 0.001, 0.01, 0.05) 1 1 0.0536 0.0535 3.58e+03 2.02 0.975 0.764 0.000452
('true', 0.001, 0.1, 0.0) 1 1 0.0178 0.0175 666 26.9 0.106 0.118 0.000367
('true', 0.001, 0.1, 0.01) 1 1 0.03 0.0298 470 5.06 0.692 0.699 0.00167
('true', 0.001, 0.1, 0.05) 1 1 0.0614 0.0619 365 4.31 0.981 0.75 0.00447
('true', 0.001, 0.5, 0.0) 1 1 0.0178 0.0176 247 28 0.106 0.112 0.00151
('true', 0.001, 0.5, 0.01) 1 1 0.0446 0.0443 36.8 35.6 0.722 0.69 0.00843
('true', 0.001, 0.5, 0.05) 1 1 0.0876 0.0877 61.8 17.5 0.991 0.729 0.0242
('true', 0.001, 1.0, 0.0) 1 1 0.0192 0.019 83 38 0.0957 0.114 0.00449
('true', 0.001, 1.0, 0.01) 1 1 0.0585 0.0582 10.7 96.2 0.75 0.684 0.0184
('true', 0.001, 1.0, 0.05) 1 1 0.123 0.122 30.7 33.9 0.994 0.727 0.05
('true', 0.05, 0.01, 0.0) 1 1 0.05 0.05 3.31e+03 4 0.725 0.658 0.000371
('true', 0.05, 0.01, 0.01) 1 1 0.0551 0.0548 3.64e+03 2.1 0.977 0.755 0.000459
('true', 0.05, 0.01, 0.05) 1 1 0.0781 0.078 5.2e+03 2 0.996 0.749 0.00058
('true', 0.05, 0.1, 0.0) 1 1 0.05 0.05 324 6.04 0.701 0.657 0.00363
('true', 0.05, 0.1, 0.01) 1 1 0.0552 0.0549 359 4.26 0.978 0.765 0.0047
('true', 0.05, 0.1, 0.05) 1 1 0.0782 0.0779 508 3.51 0.996 0.749 0.0057
('true', 0.05, 0.5, 0.0) 1 1 0.0511 0.0509 32.5 36.1 0.345 0.355 0.0108
('true', 0.05, 0.5, 0.01) 1 1 0.0615 0.0614 38.8 27.8 0.907 0.75 0.0174
('true', 0.05, 0.5, 0.05) 1 1 0.0911 0.0913 70.8 15.6 0.994 0.739 0.0262
('true', 0.05, 1.0, 0.0) 1 1 0.0573 0.0575 12.2 86.9 0.421 0.42 0.0209
('true', 0.05, 1.0, 0.01) 1 1 0.0748 0.0744 11.3 89.1 0.864 0.73 0.0291
('true', 0.05, 1.0, 0.05) 1 1 0.124 0.123 31.5 33.4 0.995 0.716 0.0504
